function NetHubVisualization

%% AAL ROI dimension in MNI space (90 Cortical and subcortical regions excluding cerebbelar regions)
aal90 = [-24,-2,-18;27,-1,-19;-44,-62,34;45,-61,37;-7,-80,5;16,-74,8;-12,10,8;14,11,8;-4,34,13;8,36,14;-6,-16,40;8,-10,38;-5,-44,23;7,-43,20;-6,-81,26;13,-81,27;-49,11,18;50,14,20;-36,29,-13;41,31,-13;-46,29,13;50,29,13;-5,53,-9;8,50,-9;-34,31,34;-31,49,-11;33,51,-12;37,32,33;-19,33,41;-5,48,30;9,50,29;-17,46,-15;18,47,-15;22,30,43;-31,-41,-22;34,-40,-22;46,-18,9;-42,-20,9;-25,-22,-11;29,-21,-12;-35,5,2;39,5,1;-15,-69,-6;16,-68,-5;-36,-80,-9;38,-83,-9;-33,-82,15;37,-81,18;-17,-86,27;24,-82,29;-8,14,-13;10,15,-13;-18,-1,-1;21,-1,-1;-8,-27,69;7,-33,67;-21,-17,-22;25,-16,-22;-43,-47,45;46,-48,48;-24,-61,58;26,-60,61;-43,-24,47;41,-27,51;-39,-7,50;41,-10,51;-8,-57,47;10,-57,42;-24,3,1;27,4,1;-5,36,-20;8,34,-19;-47,-10,13;52,-8,13;-6,4,60;8,-1,61;-56,-35,29;57,-33,33;-50,-29,-25;53,-32,-24;-56,-35,-4;57,-39,-3;-37,13,-35;44,13,-34;-40,14,-21;48,13,-18;-53,-22,6;58,-23,5;-11,-19,7;13,-19,7;];%this is the original aal order which some of the rois violate the LR order e.g. MFG, SFG, ...
aal90_LR = [-24,-2,-18;27,-1,-19;-44,-62,34;45,-61,37;-7,-80,5;16,-74,8;-12,10,8;14,11,8;-4,34,13;8,36,14;-6,-16,40;8,-10,38;-5,-44,23;7,-43,20;-6,-81,26;13,-81,27;-49,11,18;50,14,20;-36,29,-13;41,31,-13;-46,29,13;50,29,13;-5,53,-9;8,50,-9;-34,31,34;37,32,33;-31,49,-11;33,51,-12;-19,33,41;22,30,43;-5,48,30;9,50,29;-17,46,-15;18,47,-15;-31,-41,-22;34,-40,-22;46,-18,9;-42,-20,9;-25,-22,-11;29,-21,-12;-35,5,2;39,5,1;-15,-69,-6;16,-68,-5;-36,-80,-9;38,-83,-9;-33,-82,15;37,-81,18;-17,-86,27;24,-82,29;-8,14,-13;10,15,-13;-18,-1,-1;21,-1,-1;-8,-27,69;7,-33,67;-21,-17,-22;25,-16,-22;-43,-47,45;46,-48,48;-24,-61,58;26,-60,61;-43,-24,47;41,-27,51;-39,-7,50;41,-10,51;-8,-57,47;10,-57,42;-24,3,1;27,4,1;-5,36,-20;8,34,-19;-47,-10,13;52,-8,13;-6,4,60;8,-1,61;-56,-35,29;57,-33,33;-50,-29,-25;53,-32,-24;-56,-35,-4;57,-39,-3;-37,13,-35;44,13,-34;-40,14,-21;48,13,-18;-53,-22,6;58,-23,5;-11,-19,7;13,-19,7;];%all the ROis come in LR order
 
%aal_roi={'L.Amygdala','R.Amygdala','L.Angular','R.Angular','L.Calcarine','R.Calcarine','L.Caudate','R.Caudate','L.Cingulum_Ant','R.Cingulum_Ant','L.Cingulum_Mid','R.Cingulum_Mid','L.Cingulum_Post','R.Cingulum_Post','L.Cuneus','R.Cuneus','L.Frontal_Inf_Oper','R.Frontal_Inf_Oper','L.Frontal_Inf_Orb','R.Frontal_Inf_Orb_R','L.Frontal_Inf_Tri','R.Frontal_Inf_Tri','L.Frontal_Med_Orb','R.Frontal_Med_Orb','L.Frontal_Mid','L.Frontal_Mid_Orb','R.Frontal_Mid_Orb','R.Frontal_Mid','L.Frontal_Sup','L.Frontal_Sup_Medial','R.Frontal_Sup_Medial','L.Frontal_Sup_Orb','R.Frontal_Sup_Orb','R.Frontal_Sup','L.Fusiform','R.Fusiform','R.Heschel','L.Heschl','L.Hippocampus','R.Hippocampus','L.Insula','R.Insula','L.Lingual','R.Lingual','L.Occipital_Inf','R.Occipital_Inf','L.Occipital_Mid','R.Occipital_Mid','L.Occipital_Sup','R.Occipital_Sup','L.Olfactory','R.Olfactory','L.Pallidum','R.Pallidum','L.Paracentral_Lobule','R.Paracentral_Lobule','L.Parahippocampal','R.Parahippocampal','L.Parietal_Inf','R.Parietal_Inf','L.Parietal_Sup','R.Parietal_Sup','L.Postcentral','R.Postcentral','L.Precentral','R.Precentral','L.Precuneus','R.Precuneus','L.Putamen','R.Putamen','L.Rectus','R.Rectus','L.Rolandic_Oper','R.Rolandic_Oper','L.Supp_Motor_Area','R.Supp_Motor_Area','L.SupraMarginal','R.SupraMarginal','L.Temporal_Inf','R.Temporal_Inf','L.Temporal_Mid','R.Temporal_Mid','L.Temporal_Pole_Mid','R.Temporal_Pole_Mid','L.Temporal_Pole_Sup','R.Temporal_Pole_Sup','L.Temporal_Sup','R.Temporal_Sup','L.Thalamus','R.Thalamus';}';    
aal_roi={'AMYG-L','AMYG-R','ANG-L','ANG-R','CALC-L','CALC-R','CN-L','CN-R','ACC-L','ACC-R','MCC-L','MCC-R','PCC-L','PCC-R','CUN-L','CUN-R','IFOp-L','IFOp-R','IFOr-L','IFOr-R','IFTr-L','IFTr-R','MedFOr-L','MedFOr-R','MFG-L','MFOr-L','MFOr-R','MFG-R','SFG-L','MedSF-L','MedSF-R','SFOr-L','SFOr-R','SFG-R','FG-L','FG-R','HSHL-L','HSHL-R','HIPP-L','HIPP-R','INS-L','INS-R','LNG-L','LNG-R','IOG-L','IOG-R','MOG-L','MOG-R','SOG-L','SOG-R','OFB-L','OFB-R','PLD-L','PLD-R','PCL-L','PCL-R','PHIP-L','PHIP-R','IPL-L','IPL-R','SPL-L','SPL-R','PoCG-L','PoCG-R','PrCG-L','PrCG-R','PCUN-L','PCUN-R','PUT-L','PUT-R','REC-L','REC-R','RLN-L','RLN-R','SMA-L','SMA-R','SMG-L','SMG-R','ITG-L','ITG-R','MTG-L','MTG-R','MTP-L','MTP-R','STP-L','STP-R','STG-L','STG-R','THL-L','THL-R';};
aal_roi_LR = {'AMYG-L','AMYG-R','ANG-L','ANG-R','CALC-L','CALC-R','CN-L','CN-R','ACC-L','ACC-R','MCC-L','MCC-R','PCC-L','PCC-R','CUN-L','CUN-R','IFOp-L','IFOp-R','IFOr-L','IFOr-R','IFTr-L','IFTr-R','MedFOr-L','MedFOr-R','MFG-L','MFG-R','MFOr-L','MFOr-R','SFG-L','SFG-R','MedSF-L','MedSF-R','SFOr-L','SFOr-R','FG-L','FG-R','HSHL-L','HSHL-R','HIPP-L','HIPP-R','INS-L','INS-R','LNG-L','LNG-R','IOG-L','IOG-R','MOG-L','MOG-R','SOG-L','SOG-R','OFB-L','OFB-R','PLD-L','PLD-R','PCL-L','PCL-R','PHIP-L','PHIP-R','IPL-L','IPL-R','SPL-L','SPL-R','PoCG-L','PoCG-R','PrCG-L','PrCG-R','PCUN-L','PCUN-R','PUT-L','PUT-R','REC-L','REC-R','RLN-L','RLN-R','SMA-L','SMA-R','SMG-L','SMG-R','ITG-L','ITG-R','MTG-L','MTG-R','MTP-L','MTP-R','STP-L','STP-R','STG-L','STG-R','THL-L','THL-R';};
 
%% freesurfer ROI dimension in MNI space (cortical, subcortical, and cerebellar regions)
fs86 = [-22,-64,-38;24,-64,-37;-15,9,7;-26,0,-2;-21,-5,-2;-12,-20,5;-26,-24,-15;-24,-7,-21;-10,11,-9;-11,-17,-10;16,9,8;27,1,-2;22,-5,-2;12,-19,6;28,-23,-15;25,-6,-21;10,10,-9;12,-16,-10;-54,-47,7;-5,19,28;-36,11,46;-7,-80,19;-23,-8,-34;-35,-43,-22;-40,-70,30;-49,-31,-27;-7,-47,19;-29,-89,-2;-24,30,-17;-14,-68,-5;-6,38,-16;-58,-28,-14;-23,-32,-19;-8,-29,57;-46,13,12;-42,40,-12;-45,30,4;-12,-80,6;-45,-23,42;-6,-19,38;-40,-10,43;-9,-58,35;-5,37,4;-31,45,14;-11,28,42;-22,-63,48;-53,-14,-5;-53,-38,31;-8,63,-10;-32,11,-35;-44,-24,7;-35,5,2;53,-41,6;6,21,28;36,12,46;8,-80,21;25,-9,-33;35,-41,-22;43,-64,30;51,-29,-27;7,-46,18;32,-87,-1;24,29,-18;15,-66,-5;7,37,-16;58,-25,-15;25,-31,-18;8,-27,56;47,13,12;42,40,-11;47,29,5;13,-79,6;44,-22,43;6,-18,38;40,-9,43;10,-57,35;6,36,5;32,46,14;12,30,41;22,-63,49;54,-11,-6;53,-33,31;10,62,-12;33,12,-35;45,-21,7;39,5,1;];
fs_roi={'L.Cerebellum';'R.Cerebellum';'L.Caudate';'L.Putamen';'L.Pallidum';'L.Thalamus';'L.Hippocampus';'L.Amygdala';'L.Accumbens';'L.VentralDC';'R.Thalamus';'R.Caudate';'R.Putamen';'R.Pallidum';'R.Hippocampus';'R.Amygdala';'R.Accumbens';'R.VentralDC';'L.bankssts';'L.caudalanteriorcingulate';'L.caudalmiddlefrontal';'L.cuneus';'L.entorhinal';'L.fusiform';'L.inferiorparietal';'L.inferiortemporal';'L.isthmuscingulate';'L.lateraloccipital';'L.lateralorbitofrontal';'L.lingual';'L.medialorbitofrontal';'L.middletemporal';'L.parahippocampal';'L.paracentral';'L.parsopercularis';'L.parsorbitalis';'L.parstriangularis';'L.pericalcarine';'L.postcentral';'L.posteriorcingulate';'L.precentral';'L.precuneus';'L.rostralanteriorcingulate';'L.rostralmiddlefrontal';'L.superiorfrontal';'L.superiorparietal';'L.superiortemporal';'L.supramarginal';'L.frontalpole';'L.temporalpole';'L.transversetemporal';'L.insula';'R.bankssts';'R.caudalanteriorcingulate';'R.caudalmiddlefrontal';'R.cuneus';'R.entorhinal';'R.fusiform';'R.inferiorparietal';'R.inferiortemporal';'R.isthmuscingulate';'R.lateraloccipital';'R.lateralorbitofrontal';'R.lingual';'R.medialorbitofrontal';'R.middletemporal';'R.parahippocampal';'R.paracentral';'R.parsopercularis';'R.parsorbitalis';'R.parstriangularis';'R.pericalcarine';'R.postcentral';'R.posteriorcingulate';'R.precentral';'R.precuneus';'R.rostralanteriorcingulate';'R.rostralmiddlefrontal';'R.superiorfrontal';'R.superiorparietal';'R.superiortemporal';'R.supramarginal';'R.frontalpole';'R.temporalpole';'R.transversetemporal';'R.insula';};

